{
 "cells": [
  {
   "cell_type": "markdown",
   "metadata": {
    "id": "uSIWCqrYmFED"
   },
   "source": [
    "# IF3070 Foundations of Artificial Intelligence | Tugas Kecil 2\n",
    "\n",
    "This notebook serves as a template for the assignment. Please create a copy of this notebook to complete your work. You can add more code blocks if needed."
   ]
  },
  {
   "cell_type": "markdown",
   "metadata": {
    "id": "h7GBlbj5mFEE"
   },
   "source": [
    "Group Number: xx\n",
    "\n",
    "Group Members:\n",
    "- Alessandro Jusack Hasian (18222025)\n",
    "- Name (NIM)"
   ]
  },
  {
   "cell_type": "markdown",
   "metadata": {
    "id": "0h-OTlV0mFEE"
   },
   "source": [
    "## Import Libraries"
   ]
  },
  {
   "cell_type": "code",
   "execution_count": 10,
   "metadata": {
    "id": "6HiGhI10mFEE"
   },
   "outputs": [],
   "source": [
    "import pandas as pd\n",
    "import numpy as np\n",
    "import plotly.express as px"
   ]
  },
  {
   "cell_type": "markdown",
   "metadata": {
    "id": "ugTwxRyfmFEF"
   },
   "source": [
    "## Import Dataset"
   ]
  },
  {
   "cell_type": "code",
   "execution_count": 11,
   "metadata": {
    "id": "snidRLctv2KH"
   },
   "outputs": [],
   "source": [
    "# df = pd.read_csv('https://drive.google.com/uc?id=1Lqc62GTUSNhsRvn_IWeJ8Ts1tzrXhQT2')\n",
    "# df.head()\n",
    "df = pd.read_csv(\"train.csv\")\n",
    "# df.head()"
   ]
  },
  {
   "cell_type": "markdown",
   "metadata": {
    "id": "M7K9dRzOmFEG"
   },
   "source": [
    "# 1. Exploratory Data Analysis\n",
    "\n",
    "Exploratory Data Analysis (EDA) is a crucial step in the data analysis process that involves examining and visualizing data sets to uncover patterns, trends, anomalies, and insights. It is the first step before applying more advanced statistical and machine learning techniques. EDA helps you to gain a deep understanding of the data you are working with, allowing you to make informed decisions and formulate hypotheses for further analysis."
   ]
  },
  {
   "cell_type": "markdown",
   "metadata": {
    "id": "w6tzpaCimFEG"
   },
   "source": [
    "## A. Data Understanding\n",
    "The objective of this section is for participants to understand the quality of the provided data. This includes:\n",
    "\n",
    "1. Data Size\n",
    "2. Statistics of Each Feature\n",
    "3. Outliers\n",
    "4. Correlation\n",
    "5. Distribution"
   ]
  },
  {
   "cell_type": "markdown",
   "metadata": {
    "id": "96TcnbB9mFEG"
   },
   "source": [
    "### Step 1\n",
    "\n",
    "Find the following:\n",
    "\n",
    "1. The size of the data (instances and features).\n",
    "2. The data types of each feature.\n",
    "3. The number of unique values for categorical features.\n",
    "4. The minimum, maximum, mean, median, and standard deviation values for non-categorical features.\n",
    "5. Explain the significance of gathering the first four pieces of information."
   ]
  },
  {
   "cell_type": "code",
   "execution_count": null,
   "metadata": {
    "colab": {
     "base_uri": "https://localhost:8080/"
    },
    "id": "TaELJ0atmFEG",
    "outputId": "292f2fe9-0130-4f6a-885c-27e5e6c53f28"
   },
   "outputs": [],
   "source": [
    "# ? dat size\n",
    "print(f\"Total size: {df.size} \")\n",
    "print(f\"Instances: {len(df.index)}\")\n",
    "print(f\"Features: {len(df.columns)}\")\n"
   ]
  },
  {
   "cell_type": "code",
   "execution_count": null,
   "metadata": {
    "colab": {
     "base_uri": "https://localhost:8080/"
    },
    "id": "lHe8x2ZXDom4",
    "outputId": "bd043253-7300-4c14-8291-7dc8074c0f1f"
   },
   "outputs": [],
   "source": [
    "# ? data typ of each greature\n",
    "\n",
    "print(df.dtypes)"
   ]
  },
  {
   "cell_type": "code",
   "execution_count": null,
   "metadata": {
    "colab": {
     "base_uri": "https://localhost:8080/",
     "height": 1000
    },
    "id": "EeXJqrgMDom5",
    "outputId": "e6c9ce56-6479-40cd-a171-5f81b79d9e06"
   },
   "outputs": [],
   "source": [
    "# n of unique form eahc\n",
    "print(\"N amount of unqiue value from each features\")\n",
    "df.nunique(axis = 0) #default 0 sih, cman ttp aja"
   ]
  },
  {
   "cell_type": "code",
   "execution_count": null,
   "metadata": {
    "colab": {
     "base_uri": "https://localhost:8080/"
    },
    "collapsed": true,
    "id": "CJaGo5w1Dom5",
    "outputId": "bb997172-1e9a-48ef-c9c4-241eb7620fc2"
   },
   "outputs": [],
   "source": [
    "# ? ini gatau diminta ato ga ya, cman jaga2 aja supaya lbh bgus\n",
    "# difference dri yg atas, ini per column dikshi tau okurensi tiap value distincntya\n",
    "for c in df.columns:\n",
    "    print(f\"Value counts for {c}:\")\n",
    "    print(df[c].value_counts())\n",
    "    print(\"\\n\")"
   ]
  },
  {
   "cell_type": "code",
   "execution_count": null,
   "metadata": {
    "colab": {
     "base_uri": "https://localhost:8080/",
     "height": 330
    },
    "id": "aRsmfFUXDom5",
    "outputId": "fd17a7eb-319c-4064-b69c-059edcbb8206"
   },
   "outputs": [],
   "source": [
    "#? min max mean median and std from each\n",
    "df.describe()\n"
   ]
  },
  {
   "cell_type": "code",
   "execution_count": null,
   "metadata": {
    "id": "YrlQnj1JDom5"
   },
   "outputs": [],
   "source": [
    "# ? ini jelasin pentingny nanti lah wkkw"
   ]
  },
  {
   "cell_type": "markdown",
   "metadata": {
    "id": "sNRFMQoumFEG"
   },
   "source": [
    "### Step 2\n",
    "\n",
    "Find the following:\n",
    "\n",
    "1. Missing values for each feature.\n",
    "2. Outliers for each feature (use the methods you are familiar with).\n",
    "3. Why is it necessary to identify missing values and outliers?"
   ]
  },
  {
   "cell_type": "code",
   "execution_count": null,
   "metadata": {
    "colab": {
     "base_uri": "https://localhost:8080/",
     "height": 1000
    },
    "id": "caSC8wnpmFEH",
    "outputId": "10c010c9-33e0-494a-ab99-73d1c2008326"
   },
   "outputs": [],
   "source": [
    "#? missing valuess\n",
    "# df.isnull().sum() # sama aja\n",
    "df.isna().sum()"
   ]
  },
  {
   "cell_type": "code",
   "execution_count": null,
   "metadata": {
    "colab": {
     "base_uri": "https://localhost:8080/"
    },
    "id": "Mi7QYApPDom5",
    "outputId": "d5c5cd5c-b758-4f0f-b726-75a6721f789e"
   },
   "outputs": [],
   "source": [
    "# ? ini jga gatau butuh ato ga, cman jaga2 aja hehe (walaupun dri atas dah keliatan sih)\n",
    "missing_features = df.columns[df.isna().any()].tolist()\n",
    "print(f\"features that  hae missing values: {missing_features}\")"
   ]
  },
  {
   "cell_type": "code",
   "execution_count": 28,
   "metadata": {
    "id": "eS_sSfgrF5OB"
   },
   "outputs": [],
   "source": [
    "# ini ak pisahin buat df bru yg isinya numerical smua)\n",
    "df_numerical = df.select_dtypes(include=[\"number\"])\n",
    "df_numerical = df_numerical.drop(\"id\",axis=\"columns\")"
   ]
  },
  {
   "cell_type": "code",
   "execution_count": 31,
   "metadata": {
    "colab": {
     "base_uri": "https://localhost:8080/"
    },
    "id": "Ocf8tv__sTXB",
    "outputId": "c6df9b79-6a76-4c3e-c8d4-9034f1634d97"
   },
   "outputs": [
    {
     "name": "stdout",
     "output_type": "stream",
     "text": [
      "Tottal size: 7020200 \n",
      "Instances: 140404\n",
      "Features: 50\n"
     ]
    }
   ],
   "source": [
    "print(f\"Tottal size: {df_numerical.size} \")\n",
    "print(f\"Instances: {len(df_numerical.index)}\")\n",
    "print(f\"Features: {len(df_numerical.columns)}\")"
   ]
  },
  {
   "cell_type": "code",
   "execution_count": null,
   "metadata": {
    "colab": {
     "base_uri": "https://localhost:8080/",
     "height": 1000
    },
    "collapsed": true,
    "id": "NVj0tm42Dom5",
    "outputId": "fa1c3443-3efc-49ff-c829-e29425ff7bd9"
   },
   "outputs": [],
   "source": [
    "#? outlier\n",
    "count = 0 # cman buat MENCEGAH NGELAG, TESTING DOANG\n",
    "for c in df_numerical.columns:\n",
    "    if(count == 3 ):\n",
    "        break\n",
    "    box_fig = px.box(df_numerical,y = c, title=f\"Box plot for {c}\")\n",
    "    box_fig.show()\n",
    "    count = count + 1\n",
    "\n",
    "# ? ini bakal gendut bgt btw hasilnya HAHA, jdi ak collapse sementara\n"
   ]
  },
  {
   "cell_type": "code",
   "execution_count": null,
   "metadata": {
    "id": "99QMiTXyDom5"
   },
   "outputs": [],
   "source": [
    "# ? again alasan blablablany kenpaa penting nanti ah ribet"
   ]
  },
  {
   "cell_type": "markdown",
   "metadata": {
    "id": "nl_Xcxn-mFEH"
   },
   "source": [
    "### Step 3\n",
    "\n",
    "Find the following:\n",
    "\n",
    "1. Correlations between features.\n",
    "2. Visualize the distribution of each feature (categorical and continuous).\n",
    "3. Visualize the correlation between features and the target variable.\n",
    "4. Explain the significance of understanding feature distributions and correlations."
   ]
  },
  {
   "cell_type": "code",
   "execution_count": 32,
   "metadata": {
    "colab": {
     "base_uri": "https://localhost:8080/"
    },
    "id": "y7uzcuWgmFEH",
    "outputId": "97a154fc-e29d-4075-b0f5-c91ec53d6f91"
   },
   "outputs": [
    {
     "data": {
      "application/vnd.plotly.v1+json": {
       "config": {
        "plotlyServerURL": "https://plot.ly"
       },
       "data": [
        {
         "coloraxis": "coloraxis",
         "hovertemplate": "x: %{x}<br>y: %{y}<br>color: %{z}<extra></extra>",
         "name": "0",
         "texttemplate": "%{z}",
         "type": "heatmap",
         "x": [
          "URLLength",
          "DomainLength",
          "IsDomainIP",
          "CharContinuationRate",
          "TLDLegitimateProb",
          "URLCharProb",
          "TLDLength",
          "NoOfSubDomain",
          "HasObfuscation",
          "NoOfObfuscatedChar",
          "ObfuscationRatio",
          "NoOfLettersInURL",
          "LetterRatioInURL",
          "NoOfDegitsInURL",
          "DegitRatioInURL",
          "NoOfEqualsInURL",
          "NoOfQMarkInURL",
          "NoOfAmpersandInURL",
          "NoOfOtherSpecialCharsInURL",
          "SpacialCharRatioInURL",
          "IsHTTPS",
          "LineOfCode",
          "LargestLineLength",
          "HasTitle",
          "DomainTitleMatchScore",
          "URLTitleMatchScore",
          "HasFavicon",
          "Robots",
          "IsResponsive",
          "NoOfURLRedirect",
          "NoOfSelfRedirect",
          "HasDescription",
          "NoOfPopup",
          "NoOfiFrame",
          "HasExternalFormSubmit",
          "HasSocialNet",
          "HasSubmitButton",
          "HasHiddenFields",
          "HasPasswordField",
          "Bank",
          "Pay",
          "Crypto",
          "HasCopyrightInfo",
          "NoOfImage",
          "NoOfCSS",
          "NoOfJS",
          "NoOfSelfRef",
          "NoOfEmptyRef",
          "NoOfExternalRef",
          "label"
         ],
         "xaxis": "x",
         "y": [
          "URLLength",
          "DomainLength",
          "IsDomainIP",
          "CharContinuationRate",
          "TLDLegitimateProb",
          "URLCharProb",
          "TLDLength",
          "NoOfSubDomain",
          "HasObfuscation",
          "NoOfObfuscatedChar",
          "ObfuscationRatio",
          "NoOfLettersInURL",
          "LetterRatioInURL",
          "NoOfDegitsInURL",
          "DegitRatioInURL",
          "NoOfEqualsInURL",
          "NoOfQMarkInURL",
          "NoOfAmpersandInURL",
          "NoOfOtherSpecialCharsInURL",
          "SpacialCharRatioInURL",
          "IsHTTPS",
          "LineOfCode",
          "LargestLineLength",
          "HasTitle",
          "DomainTitleMatchScore",
          "URLTitleMatchScore",
          "HasFavicon",
          "Robots",
          "IsResponsive",
          "NoOfURLRedirect",
          "NoOfSelfRedirect",
          "HasDescription",
          "NoOfPopup",
          "NoOfiFrame",
          "HasExternalFormSubmit",
          "HasSocialNet",
          "HasSubmitButton",
          "HasHiddenFields",
          "HasPasswordField",
          "Bank",
          "Pay",
          "Crypto",
          "HasCopyrightInfo",
          "NoOfImage",
          "NoOfCSS",
          "NoOfJS",
          "NoOfSelfRef",
          "NoOfEmptyRef",
          "NoOfExternalRef",
          "label"
         ],
         "yaxis": "y",
         "z": [
          [
           1,
           0.2896822419108612,
           0.20486317916151267,
           -0.12454135340488096,
           0.025708147370799444,
           -0.11350707846373005,
           0.05867713872157487,
           0.03594836871013948,
           0.27880894602666983,
           0.8183194657858559,
           0.20080769896719144,
           0.9344126178774474,
           0.23299590408677281,
           0.8482697866231865,
           0.3586400170300893,
           0.5677618076527848,
           0.4510777522165931,
           0.24956698207685538,
           0.9181994047109691,
           0.08872191940339995,
           -0.0458795374825818,
           -0.05031643939326848,
           0.025849378420052346,
           -0.07990955764556738,
           -0.10690679045862106,
           -0.1824760755604852,
           -0.06109882671715364,
           -0.03345606796228833,
           -0.06897931571627501,
           0.015044292614234718,
           -0.003100736737867685,
           -0.13534605981601974,
           -0.0037178181808439734,
           -0.012331709926442808,
           -0.01116124428012757,
           -0.1083124806114047,
           -0.0457648752716711,
           -0.0470055144728738,
           0.006709235829846872,
           -0.008782629170890538,
           -0.01577351334074386,
           -0.01412156711758049,
           -0.07176645720912428,
           -0.0316567876497132,
           -0.038996195770423465,
           -0.03218239627735997,
           -0.06624381714942223,
           -0.00849723914461833,
           -0.029541597914128814,
           -0.2221997626600349
          ],
          [
           0.2896822419108612,
           1,
           -0.025420456737028516,
           -0.29901014218985844,
           0.12327780656301701,
           -0.0099427148965579,
           0.1249796641995474,
           0.20552019145459613,
           0.0211467668148203,
           0.0011078613674245605,
           0.017592608638407278,
           0.4812251180371476,
           0.8013044188694711,
           0.1847681476932043,
           0.18540322403886936,
           0.034521879449524034,
           0.053646948362898,
           0.021155825386832874,
           0.15486908512027106,
           -0.055450475745297025,
           -0.0670988172282791,
           -0.033142834761528545,
           0.05145483899574824,
           -0.10301840018746841,
           -0.193203456465638,
           -0.2071393057704372,
           -0.09583939861293841,
           -0.0036456932153803717,
           -0.07141985528383743,
           -0.0060203868286198975,
           -0.019837176315811188,
           -0.0845133546097489,
           -0.007250164930706115,
           0.00008848907035506264,
           0.0020614348558556828,
           -0.08989486910751918,
           -0.03166994604219872,
           -0.03244606893195854,
           0.009617221010910367,
           -0.017009055464919827,
           0.005047165961006444,
           -0.023232586329399056,
           -0.09366153984271616,
           -0.04409255101137871,
           -0.024563895406841313,
           -0.034124016259657795,
           -0.05517716514503705,
           -0.011111883243246157,
           -0.024578011277566973,
           -0.2295845213314909
          ],
          [
           0.20486317916151267,
           -0.025420456737028516,
           1,
           -0.06910786085272187,
           -0.022280884370085297,
           -0.07755520893852098,
           -0.005211707976458885,
           0.051158237360333876,
           0.04122698699014123,
           0.06783398474618778,
           0.040336185749129824,
           0.1345387924564344,
           -0.0060954632657722945,
           0.300133638233748,
           0.1631138928536872,
           0.33959532485028904,
           0.42375354863722686,
           -0.00028272941539536395,
           0.2881811213930353,
           0.0841135002745038,
           -0.04771102821806109,
           -0.010306429133803767,
           -0.0021985222330742245,
           -0.03156757853612368,
           -0.03172780875940081,
           -0.031070178667835034,
           -0.021918392287786394,
           -0.017363591097857973,
           -0.015593445606321678,
           -0.0006957881913559199,
           -0.0034831038551046928,
           -0.030922239355513675,
           -0.0017076383809418597,
           -0.006475841517894901,
           -0.0062445976946322425,
           -0.041384038963120214,
           -0.028094301871248197,
           -0.02007673271119132,
           0.0006455109664882969,
           -0.010411595923028701,
           -0.014882497073212347,
           -0.004031659891887329,
           -0.03600088534948337,
           -0.009588754128636193,
           -0.012178721348207022,
           -0.016463620461015724,
           -0.010751461259084409,
           -0.004082561311067766,
           -0.007852202122997684,
           -0.07783060873125887
          ],
          [
           -0.12454135340488096,
           -0.29901014218985844,
           -0.06910786085272187,
           1,
           0.28615713640618856,
           0.22759951006178483,
           0.25594839149992926,
           -0.5801553468573788,
           -0.02755369724894249,
           -0.00025930909370161563,
           -0.014895784532793143,
           -0.13239525239657499,
           -0.06355933701096574,
           -0.17842449219503573,
           -0.24658909051411523,
           -0.08301116659040274,
           -0.10707719085574373,
           -0.0342805791134787,
           -0.3300783522681679,
           -0.8073110773543958,
           0.1489177167759483,
           0.06968755376947687,
           -0.03925657374133027,
           0.1617929334206723,
           0.5159473975630968,
           0.5177228710803988,
           0.07584955982032801,
           0.08492586210545584,
           0.10917869084751984,
           -0.006459849953856056,
           0.0034247073974902316,
           0.16458769897298928,
           0.0024015290219820576,
           0.06119951863892287,
           0.03310532452947502,
           0.1986760007300264,
           0.1073045365195045,
           0.09122649156949783,
           0.06910188542133408,
           0.06032109214093923,
           0.0988602109355016,
           0.04189936517239012,
           0.17082696477554815,
           0.043894022920089155,
           -0.0063947018112767715,
           0.08819316429230056,
           0.04635762508609501,
           0.012061079191021045,
           0.038280891713251025,
           0.34304622936445645
          ],
          [
           0.025708147370799444,
           0.12327780656301701,
           -0.022280884370085297,
           0.28615713640618856,
           1,
           0.2747826881465812,
           0.546112101244157,
           -0.375222441032578,
           -0.007740852222158202,
           0.0039213067585182546,
           -0.0020925377173648674,
           0.05967537565207789,
           0.24039059569768267,
           -0.030230830841388737,
           -0.04676594081472131,
           -0.003954202008565103,
           -0.017316312566912913,
           -0.011200904251417365,
           -0.09336394450331276,
           -0.39199652455339024,
           0.03092609582395122,
           0.03011542753111393,
           0.002076260376507203,
           0.01576559033907659,
           0.431349250415333,
           0.429218582293414,
           -0.03289159869991843,
           0.03947511180189588,
           0.022499719578945993,
           0.017676059618673405,
           0.00007322985921097579,
           0.10048071326232805,
           0.004251849753361382,
           0.11987239453613192,
           0.026437310378528995,
           0.06940409892027118,
           0.041195490006961946,
           0.049922730016028004,
           0.09936354764762197,
           0.07264428456878863,
           0.09996494941468778,
           0.03287391322696549,
           0.11094597022468057,
           0.037720449890185644,
           0.0036779856119016903,
           0.035867559521533754,
           0.00776416923501632,
           0.0069098629033796394,
           0.016975035480300656,
           0.05909028996964419
          ],
          [
           -0.11350707846373005,
           -0.0099427148965579,
           -0.07755520893852098,
           0.22759951006178483,
           0.2747826881465812,
           1,
           0.18827910749893909,
           -0.11100784889818965,
           -0.027789659499889013,
           -0.016451291672816892,
           -0.018352894176037006,
           -0.0816479543781356,
           0.14397369684366035,
           -0.25587027737326723,
           -0.48496776611550196,
           -0.09008594015137472,
           -0.12465865919418681,
           -0.03503425203659944,
           -0.2582818802667125,
           -0.28676548092081444,
           0.1599659797747455,
           0.049597916647844006,
           -0.03522737987372426,
           0.14317985149656404,
           0.179621648254303,
           0.16300504918921474,
           0.0722796583455362,
           0.07117157449769791,
           0.10833088328936911,
           0.0005891230562244561,
           -0.00997253865822741,
           0.14376296472924113,
           0.0014791006756741832,
           0.04459669759263428,
           0.02617689553652043,
           0.17888796216753883,
           0.10351506792992546,
           0.09436637488535854,
           0.03754057590306567,
           0.018488602899417075,
           0.08244178077789695,
           0.02377932001507817,
           0.176783785442824,
           0.033905560921038747,
           0.012838616355133453,
           0.07554534525188149,
           0.03688596106950576,
           0.008379904428746528,
           0.033194873925729444,
           0.325402494739877
          ],
          [
           0.05867713872157487,
           0.1249796641995474,
           -0.005211707976458885,
           0.25594839149992926,
           0.546112101244157,
           0.18827910749893909,
           1,
           -0.38779068860855115,
           0.006695691349871905,
           0.008374305096127096,
           0.003455576391440804,
           0.09249764116574738,
           0.2084853518005039,
           0.012626470476881016,
           0.021489557197863326,
           0.0018284091822666144,
           0.004465205381095122,
           -0.006019576633843726,
           -0.128306956058338,
           -0.35816790868618836,
           -0.027516538057396237,
           -0.013204820333472986,
           0.00819918321993678,
           -0.04958996651299258,
           0.4359024823875353,
           0.4411212173954669,
           -0.047952645113745786,
           -0.02194937558899009,
           -0.012625878176354235,
           0.0062048263902782595,
           -0.018694968876066836,
           -0.0014957516998875147,
           -0.004750272101376406,
           0.03443508853203014,
           0.0018404647578731403,
           -0.011163783703134674,
           -0.016775011290632975,
           0.00855060892077992,
           0.028143687620467078,
           0.008768102694438874,
           0.06261158205889673,
           0.0316394196972172,
           0.012990626300007824,
           -0.010795092990205993,
           0.0016352623502859935,
           -0.0046606517534579514,
           -0.03436723254925777,
           -0.014124221351422972,
           -0.009296872294932557,
           -0.04252315845697412
          ],
          [
           0.03594836871013948,
           0.20552019145459613,
           0.051158237360333876,
           -0.5801553468573788,
           -0.375222441032578,
           -0.11100784889818965,
           -0.38779068860855115,
           1,
           0.016604263727606594,
           -0.010337113836430142,
           -0.013723833234705904,
           0.02757133610461995,
           -0.05570408823391494,
           0.028433723167398155,
           0.04059180286694613,
           0.029190813874289193,
           0.009477153671480106,
           0.012886604389910017,
           0.18427794709849693,
           0.557332501885762,
           -0.05992176245764788,
           0.000010890755262506425,
           0.005606689366395635,
           -0.03743474833297332,
           -0.5856310963056022,
           -0.6035268637385884,
           0.020976022038351153,
           -0.045959185385323106,
           -0.008438996105883088,
           0.0005490107397822161,
           -0.005004625134753831,
           -0.04354950613683311,
           -0.0009569985512990302,
           -0.025436274591776296,
           -0.01184989633495789,
           -0.013491847380614107,
           -0.005392962745696313,
           0.001165965290338297,
           -0.05248498679072997,
           -0.025211688090042015,
           -0.020941147955779286,
           -0.027890219397690444,
           -0.01247320166570508,
           -0.014541265048240088,
           -0.0011959476760788558,
           -0.0065027978418625365,
           0.007463030777801369,
           0.0040164908300645,
           0.0053810066050912425,
           -0.007165397272874785
          ],
          [
           0.27880894602666983,
           0.0211467668148203,
           0.04122698699014123,
           -0.02755369724894249,
           -0.007740852222158202,
           -0.027789659499889013,
           0.006695691349871905,
           0.016604263727606594,
           1,
           0.35011773349301656,
           0.8172547850254659,
           0.24251166770022156,
           0.024095854912477562,
           0.16394967380417694,
           0.08799064162327341,
           0.050850417952726525,
           0.04795367386062276,
           0.4199463893408441,
           0.22940491395204374,
           0.045973265512862675,
           -0.023711673248100737,
           -0.007182766401828805,
           0.017733216955242444,
           -0.02024678255689135,
           -0.03201006464067342,
           -0.026496150281326878,
           -0.019181769322215332,
           -0.007586000949020846,
           -0.014094738115084283,
           0.0047572371316619245,
           -0.003546755292457553,
           -0.026633717930710565,
           -0.001666816524457401,
           -0.0043580157659298055,
           -0.004637764794536099,
           -0.03156299505118358,
           0.001063374946349019,
           -0.0050820977412401255,
           0.0015543248032134462,
           -0.003673233016529637,
           -0.010528973210392426,
           0.002020390286218386,
           -0.019303805666850214,
           -0.00769890353683191,
           -0.009244670050338442,
           -0.012040012075172964,
           -0.011773377300978828,
           -0.00223940428619412,
           -0.006125533372754861,
           -0.06972497553306828
          ],
          [
           0.8183194657858559,
           0.0011078613674245605,
           0.06783398474618778,
           -0.00025930909370161563,
           0.0039213067585182546,
           -0.016451291672816892,
           0.008374305096127096,
           -0.010337113836430142,
           0.35011773349301656,
           1,
           0.34863733995696083,
           0.6080061324642819,
           -0.004077278280753995,
           0.25499049086447306,
           0.07764258724063104,
           0.08789305555397646,
           0.08503165797544952,
           0.5488917364788718,
           0.8577697875500108,
           0.02969823348917206,
           -0.0023800701489738525,
           -0.006997362745864003,
           -0.00013972724349482565,
           -0.0004299973966938274,
           -0.009536133763024165,
           -0.02232660386133156,
           -0.0061811579949517005,
           -0.003808275155045267,
           -0.010687341044234865,
           0.011462446540304967,
           -0.002427920551467849,
           -0.009964358746730009,
           -0.00041958644035318003,
           -0.003312182917946856,
           -0.0036944742244628286,
           -0.025093702750679653,
           0.0025907187696172034,
           0.004522386683634868,
           0.009380597386729583,
           0.00953353681388636,
           0.005214423395267358,
           -0.002676091717442693,
           0.0021522972588555,
           -0.004478384061169479,
           -0.0005502861264121303,
           -0.0016647741084018191,
           -0.008754474447721424,
           -0.001175209842396638,
           -0.003422666488828574,
           -0.019248956890336004
          ],
          [
           0.20080769896719144,
           0.017592608638407278,
           0.040336185749129824,
           -0.014895784532793143,
           -0.0020925377173648674,
           -0.018352894176037006,
           0.003455576391440804,
           -0.013723833234705904,
           0.8172547850254659,
           0.34863733995696083,
           1,
           0.20566691649388502,
           0.01622836086224207,
           0.13796172060495912,
           0.0788320162703883,
           0.08046555030489189,
           0.05083939637234447,
           0.5438129574732486,
           0.21639941725511963,
           0.041266248310342604,
           -0.042813470408483566,
           -0.00755726247166673,
           0.0007477120096922639,
           -0.004067696465230659,
           -0.026642053745019267,
           -0.02375019428283574,
           -0.012140370432517415,
           -0.005211631245440083,
           -0.018701021633756823,
           0.015565612502697041,
           -0.002911676701493754,
           -0.0152935786961876,
           -0.0011027205752097648,
           -0.0030667998168048176,
           -0.004109517125712107,
           -0.030043814990899427,
           0.0029126961959571583,
           -0.0034934852167655007,
           0.010427275092882682,
           -0.00476425039661893,
           -0.009182752872404712,
           -0.0009036577595480055,
           -0.022121249191545605,
           -0.005806532181080326,
           -0.0006205529806752296,
           -0.01035679317477693,
           -0.009393901750950102,
           -0.0015531493385391253,
           -0.0064257090727076575,
           -0.05690514365212004
          ],
          [
           0.9344126178774474,
           0.4812251180371476,
           0.1345387924564344,
           -0.13239525239657499,
           0.05967537565207789,
           -0.0816479543781356,
           0.09249764116574738,
           0.02757133610461995,
           0.24251166770022156,
           0.6080061324642819,
           0.20566691649388502,
           1,
           0.34056872847034053,
           0.7596962869822732,
           0.27237600354594627,
           0.5243043214056822,
           0.37495006362259437,
           0.3312700480935006,
           0.7567319758763124,
           0.029938202751560547,
           -0.07090893892364047,
           -0.04778699285381176,
           0.0305545830307403,
           -0.1062256955372427,
           -0.11739599546035422,
           -0.1819407809643796,
           -0.09222587461926413,
           -0.037890984106812804,
           -0.07505629129889649,
           0.012084322127664032,
           -0.00044351563839498494,
           -0.13124045602140333,
           -0.003335067381517136,
           -0.014019741496967776,
           -0.011681489062339786,
           -0.10353099218654616,
           -0.04403217402786166,
           -0.04641775746834496,
           0.009924952545074372,
           -0.021148725160985524,
           -0.018826620275157493,
           -0.012500359564875867,
           -0.11526769778742586,
           -0.03464157494963821,
           -0.03499421247759161,
           -0.038820741652935475,
           -0.0748694411522226,
           -0.012500160537402247,
           -0.02860042661766244,
           -0.2592381047100008
          ],
          [
           0.23299590408677281,
           0.8013044188694711,
           -0.0060954632657722945,
           -0.06355933701096574,
           0.24039059569768267,
           0.14397369684366035,
           0.2084853518005039,
           -0.05570408823391494,
           0.024095854912477562,
           -0.004077278280753995,
           0.01622836086224207,
           0.34056872847034053,
           1,
           0.04978724592678978,
           -0.06396161152498313,
           0.07118973677029627,
           0.10052822503018911,
           0.025105374091519778,
           0.09559173416231143,
           -0.235959428413308,
           -0.05739581559015312,
           -0.03238377102450131,
           0.018233741889519456,
           -0.09618281773150844,
           -0.10439748012920706,
           -0.09646754874312563,
           -0.10445998146910132,
           0.0045481962560744126,
           -0.06319428699046531,
           0.004036008622575939,
           -0.007174767062528665,
           -0.0665238025026188,
           -0.0016004100219122834,
           0.015863733694634338,
           0.008316073027852948,
           -0.08229809033954878,
           -0.030283934923278234,
           -0.029561379138027827,
           0.0323501456290247,
           -0.00991827274803009,
           0.02034472714271749,
           -0.020702352359083333,
           -0.0813880040701714,
           -0.04434445891783411,
           -0.018639403427305364,
           -0.031038974074137086,
           -0.05025636828591061,
           -0.009527081846654547,
           -0.03293311044679215,
           -0.2299423913187898
          ],
          [
           0.8482697866231865,
           0.1847681476932043,
           0.300133638233748,
           -0.17842449219503573,
           -0.030230830841388737,
           -0.25587027737326723,
           0.012626470476881016,
           0.028433723167398155,
           0.16394967380417694,
           0.25499049086447306,
           0.13796172060495912,
           0.7596962869822732,
           0.04978724592678978,
           1,
           0.6762810712258401,
           0.6370564902411348,
           0.48163276953091444,
           0.3854603653092307,
           0.6578031882739896,
           0.16210166185623465,
           -0.11218233145874068,
           -0.049647121534315955,
           0.04479395647374711,
           -0.13137374605731778,
           -0.13524454904392358,
           -0.13254975541231068,
           -0.07858094893496803,
           -0.06151565324339432,
           -0.08308524279943652,
           0.019603228307198198,
           0.00019339237385508938,
           -0.12814529400848676,
           -0.006876631203926973,
           -0.03726870583477354,
           -0.01815737809810111,
           -0.1383251199538925,
           -0.07662214477198194,
           -0.06308452375482738,
           -0.010402822021756733,
           -0.026760870524705143,
           -0.04004185033424081,
           -0.01350184625956768,
           -0.1291506953687944,
           -0.03304707195596327,
           -0.0047769756040966695,
           -0.05513299958400816,
           -0.0431149991594974,
           -0.019118167188860405,
           -0.032528750045956976,
           -0.3173296981992507
          ],
          [
           0.3586400170300893,
           0.18540322403886936,
           0.1631138928536872,
           -0.24658909051411523,
           -0.04676594081472131,
           -0.48496776611550196,
           0.021489557197863326,
           0.04059180286694613,
           0.08799064162327341,
           0.07764258724063104,
           0.0788320162703883,
           0.27237600354594627,
           -0.06396161152498313,
           0.6762810712258401,
           1,
           0.1755861714965886,
           0.23582367718345543,
           0.0914166559029356,
           0.42924049689016913,
           0.27611974053418603,
           -0.2103436515809049,
           -0.05349523935452902,
           0.05158162606727824,
           -0.19088662083744248,
           -0.1982909940591969,
           -0.18406399046455202,
           -0.11603870561919133,
           -0.08947602237290105,
           -0.15456554354396762,
           0.020434216690633875,
           0.019482405825085827,
           -0.18256311627034452,
           -0.012394825778247224,
           -0.03443828659656437,
           -0.030908017586530365,
           -0.23263490703252448,
           -0.14001196645351086,
           -0.11320103117074637,
           -0.013922953421302843,
           -0.03510245741643505,
           -0.06622086298691388,
           -0.02290822832586778,
           -0.20646458755972982,
           -0.052260838803754935,
           -0.06970378861801506,
           -0.0865273515789156,
           -0.059360937371083396,
           -0.02594244559113976,
           -0.047039606990891124,
           -0.48228528516957986
          ],
          [
           0.5677618076527848,
           0.034521879449524034,
           0.33959532485028904,
           -0.08301116659040274,
           -0.003954202008565103,
           -0.09008594015137472,
           0.0018284091822666144,
           0.029190813874289193,
           0.050850417952726525,
           0.08789305555397646,
           0.08046555030489189,
           0.5243043214056822,
           0.07118973677029627,
           0.6370564902411348,
           0.1755861714965886,
           1,
           0.7562598630610208,
           0.2582314131267859,
           0.6561419580007887,
           0.1168542458245493,
           -0.02089908894622123,
           -0.020482919070398387,
           0.00017139699348413687,
           -0.045845372674664264,
           -0.07173350332395857,
           -0.060321422649458466,
           -0.028528192039969837,
           -0.028198408012701716,
           -0.025884097657956878,
           0.014289876557800847,
           -0.000009860017479099828,
           -0.0552817191850581,
           -0.003411419006048619,
           -0.010964676598375129,
           -0.009640480944383882,
           -0.07796086939813822,
           -0.03655863470864684,
           -0.027783802637171232,
           -0.0005640973634093223,
           -0.018214691497000626,
           -0.02053844352475982,
           -0.008351550734818466,
           -0.048108883284579906,
           -0.017584718454567733,
           -0.019872142414476848,
           -0.033118492014397975,
           -0.02445307953586042,
           -0.00527333015197962,
           -0.014838059928973725,
           -0.14727425157221036
          ],
          [
           0.4510777522165931,
           0.053646948362898,
           0.42375354863722686,
           -0.10707719085574373,
           -0.017316312566912913,
           -0.12465865919418681,
           0.004465205381095122,
           0.009477153671480106,
           0.04795367386062276,
           0.08503165797544952,
           0.05083939637234447,
           0.37495006362259437,
           0.10052822503018911,
           0.48163276953091444,
           0.23582367718345543,
           0.7562598630610208,
           1,
           0.11384073937886888,
           0.5433301698273552,
           0.17194508265334407,
           -0.05929428597812522,
           -0.024991145497635987,
           0.001693354595131321,
           -0.07225876723917107,
           -0.0983178402364853,
           -0.08331508989155016,
           -0.0434847632400487,
           -0.033786666181913866,
           -0.05213747216701627,
           -0.0013765672979119943,
           0.0017128531581581993,
           -0.07805894585663148,
           -0.0040883240349971145,
           -0.016207910481789847,
           -0.01423087365801162,
           -0.1015111751309368,
           -0.04162542715297995,
           -0.037738533752662805,
           -0.0012018230704484143,
